SetDesc: '288 alternative NNLO PDF sets for the CT25 PDF analysis'
Authors: CTEQ-TEA global analysis group
Reference: tbc
Format: lhagrid1
DataVersion:     1
NumMembers:    288
SetIndex:      20260128
Flavors: [-5, -4, -3, -2, -1, 1, 2, 3, 4, 5, 21]
OrderQCD:     2
FlavorScheme: variable
NumFlavors: 5
XMin:   1.000000e-09
XMax:   1.000000E+00
QMin:   1.295000E+00
QMax:   1.000000E+05
MZ:  91.1870
MUp:   0.0010
MDown:   0.0010
MStrange:   0.2000
MCharm:   1.3000
MBottom:   4.7500
MTop: 172.0000
AlphaS_MZ:  0.118000
AlphaS_OrderQCD:     2
AlphaS_Type: ipol
AlphaS_Qs: [   1.295000E+00, 1.298747E+00, 1.464614E+00, 1.659242E+00, 1.890667E+00, 2.167486E+00, 2.500668E+00, 2.904305E+00, 3.396637E+00, 4.001449E+00, 4.750000E+00, 5.767148E+00, 7.070722E+00, 8.758191E+00, 1.096570E+01, 1.388561E+01, 1.779288E+01, 2.308551E+01, 3.034706E+01, 4.044485E+01, 5.468640E+01, 7.507236E+01, 1.047120E+02, 1.485169E+02, 2.143796E+02, 3.152118E+02, 4.725369E+02, 7.229464E+02, 1.129946E+03, 1.806162E+03, 2.955925E+03, 4.958865E+03, 8.538144E+03, 1.510792E+04, 2.751072E+04, 5.162751E+04, 1.000000E+05 ]
AlphaS_Vals: [ 3.787120E-01, 3.779545E-01, 3.534335E-01, 3.301938E-01, 3.091882E-01, 2.900982E-01, 2.726631E-01, 2.566728E-01, 2.419521E-01, 2.283560E-01, 2.157600E-01, 2.046380E-01, 1.939230E-01, 1.838560E-01, 1.743880E-01, 1.654730E-01, 1.570710E-01, 1.491440E-01, 1.416600E-01, 1.345880E-01, 1.279020E-01, 1.215750E-01, 1.155860E-01, 1.099130E-01, 1.045370E-01, 9.943981E-02, 9.460490E-02, 9.001709E-02, 8.566223E-02, 8.152709E-02, 7.759951E-02, 7.386789E-02, 7.032160E-02, 6.695059E-02, 6.374560E-02, 6.069780E-02, 5.779900E-02 ]
